    clc
    clear
   a=[ 33.86006036	62.03866227	17.6205385	0.576654098	0.002453435	769.5355673	74.90544348
23.35813895	0.22703206	38.52016779	0.487960679	0.002722086	5.975111974	1.197633265
34.08504894	77.527079	18.22037524	0.510709285	0.000424611	315.5623149	99.18020167
30.34929149	54.28136557	23.35884447	0.466364994	0.002744459	461.5414545	65.03643427
32.37246799	7.216768166	35.12188135	0.414511488	0.00191546	42.53099901	7.971181061
33.85946046	39.65460497	18.52752041	0.436131277	0.000337744	101.5844237	44.19360438
27.44455105	84.69164255	28.60588214	0.572191865	0.00087157	646.5469852	118.010352
36.85420285	44.48159846	36.72656402	0.503686792	0.0016633	334.1660331	49.59163651
27.33643926	23.70313085	38.55710226	0.335189353	0.002874645	111.0465804	26.00454348
23.20377019	89.44688563	26.45577061	0.410978547	0.002896421	660.8435128	132.84958
21.18314022	9.553137888	21.57626149	0.554295221	0.000514959	51.4693757	10.7646556
24.47676008	27.13056782	19.60490249	0.382444793	0.002913249	162.7526393	30.42319145
26.81506701	14.2191816	32.44410136	0.431362372	0.002873642	106.5756794	15.46906582
31.83460945	79.53196172	18.09828692	0.395409721	0.001481858	374.3144028	104.3911976
24.49062811	64.8259203	18.78361107	0.337670939	0.002410827	294.2755795	84.58822687
24.57606888	43.76269839	32.55002162	0.492002407	0.000468565	171.1747332	52.04093091
26.31949695	13.76917486	25.02748983	0.508691871	0.001294196	95.61778152	15.01491527
28.31037517	32.4969432	21.23025378	0.579023367	0.00275142	424.8124172	36.37444131
29.22371113	67.50920071	22.35837649	0.533863204	0.002387012	715.1003107	86.03634751
35.95789511	20.20762722	28.32268817	0.396017525	0.002880503	125.8318427	21.24913704
37.17520771	40.23017754	19.08861625	0.482039947	0.001984435	301.3797794	44.17829539
33.58298751	70.36878795	15.47906584	0.342334748	0.000155349	80.90013507	87.90817725
30.56820692	28.15163699	15.03131894	0.301713605	0.002554931	102.8973093	30.7837084
24.8957802	37.23280897	27.51313974	0.426208936	0.00280528	268.7001194	43.09609522
34.13757243	16.5895407	37.93797583	0.568294945	0.002052269	178.8568029	17.52471529
29.57674453	46.76248829	38.64681465	0.346781285	0.002285333	208.991642	54.67503704
33.5320747	78.05326546	23.58367296	0.393166455	0.002242241	444.0348152	100.4858361
33.36479275	17.72861356	28.558351	0.588266354	0.00120707	157.9640771	18.79335626
32.51780366	44.21608658	23.7388265	0.590364195	0.00198366	511.6622137	50.39376951
37.85968517	78.74761587	27.57827258	0.556442798	0.000555001	433.5248218	98.35705581
31.72623705	70.00928189	17.23977404	0.567514133	0.002132836	794.3056916	88.50523344
33.11289632	77.25842823	21.92883651	0.401659256	0.000143907	115.2745079	99.49552869
32.4863847	47.62203079	24.46189473	0.562454959	0.000866923	328.7924459	54.9469425
37.89520502	27.27520739	34.61464954	0.380786835	0.000186206	39.51809678	28.81849528
21.42420515	82.29233621	24.81912852	0.467750805	0.000336539	263.2819516	120.1963383
36.83043281	57.34672841	38.20579021	0.318645783	0.002479201	228.5630208	66.81044796
37.62444498	24.27519361	21.22253283	0.482653731	0.002099744	186.5372198	25.51599078
31.60972245	67.2667994	33.29765147	0.527681189	0.000985443	443.6624083	84.17481037
26.52243608	25.80868164	22.66788121	0.587181034	0.002853155	354.9892327	28.56535005
36.73685845	70.29469889	26.82166734	0.32077875	0.000151616	70.51054063	85.86971815
23.39871104	49.23833957	31.46149495	0.365211617	0.001344296	188.4223816	60.33458868
26.15948335	84.91148475	32.09243518	0.524269391	0.001175597	629.226364	119.8724026
36.67752051	27.36351999	25.93241208	0.501299954	0.002308275	238.0042978	29.06616564
27.19834176	42.02868797	15.58716016	0.470080934	0.00239584	337.4310783	48.91578824
36.9845182	56.22820093	25.2688885	0.344452187	0.000601274	126.1441485	65.19076976
34.81652172	73.79527842	37.90817068	0.597683187	0.001494805	781.9579262	92.56231368
31.91759802	5.682960053	29.4990332	0.391025842	0.001364479	26.0638451	6.458735146
24.87028562	58.61996955	36.0412427	0.316132829	0.001956623	211.6592661	74.14644045
35.19572938	50.84972251	23.91688931	0.588395035	0.002142626	606.8786998	58.45189528
22.19000464	85.443303	36.28627282	0.428563247	0.002276326	603.5292012	125.7980191
21.85203746	69.56088164	37.2766607	0.364695574	0.000864274	219.9508721	94.8561329
35.26875263	80.59060957	30.70485365	0.393556859	0.002055123	438.7277039	103.3472096
34.93491923	67.32034838	24.97940799	0.58035189	0.001982539	763.5698328	82.33070238
31.89578053	81.15584341	21.27453306	0.591858738	0.000529705	509.9328575	107.163841
34.43250209	71.9031824	39.90723219	0.326838161	0.000401043	123.0160481	89.80745869
24.11366678	37.78249441	30.93181567	0.589691726	0.001520174	387.171645	44.00453005
37.27702937	37.49245735	33.86053765	0.483749453	0.002881245	340.1593334	40.81116076
31.08124506	57.64277864	36.9949247	0.540378829	0.001054138	408.9668566	69.66207526
32.38801936	76.47161437	26.58008553	0.581616756	0.00177654	840.4255838	98.71723185
36.23497662	66.6372974	21.86274164	0.32342651	0.000710245	147.4620787	80.58047409
33.77408037	89.64870254	26.85089712	0.585081172	0.002266238	1141.261496	120.3853387
36.10954755	11.4423265	15.74816321	0.372634438	0.000802531	34.35718039	12.08445596
36.62280658	51.55875996	20.71360451	0.36516669	0.001542573	204.9337768	58.93676918
21.80068585	53.38277484	28.50902071	0.332847564	0.002112276	219.4310466	67.33503981
27.64463824	29.94784516	24.98898841	0.461722436	0.002678165	243.299488	33.36395835
35.79401037	89.93422109	33.88652723	0.376049642	0.00287991	538.8458693	118.8151499
25.43356609	21.61031946	35.79891344	0.550640541	0.001664286	198.2384461	23.79869169
29.8853634	54.27702756	28.99960991	0.3295511	0.000458942	99.95120185	65.21888433
38.57040518	18.02634871	29.14247732	0.537965725	0.000490417	83.56908768	18.72524386
36.85006092	2.997258366	29.96165088	0.468398073	0.000809649	16.2497136	3.763601228
38.52784108	22.60287336	29.14888589	0.300187267	0.002530116	80.31014773	23.60126666
37.97576411	5.529872679	26.94372738	0.459947091	0.000800132	26.0980649	6.17615735
23.5038654	24.3931523	23.52039213	0.36365945	0.00245214	122.8598458	27.26944521
25.91685644	77.00745927	35.29275286	0.475974099	0.000768399	376.1264402	105.0969044
25.82455215	84.10765544	34.95192487	0.438625864	0.002791328	676.6172369	118.6838716
30.91290964	88.62058922	22.05610791	0.506582297	0.001082452	580.8969977	121.5917151
31.1246127	61.56285349	20.30506975	0.37360455	0.000629956	166.9077046	75.54589314
23.59331902	52.5635205	21.26249501	0.581231109	0.000790697	382.7431152	65.27392161
34.98839015	32.47725529	20.3364263	0.506132086	0.001867332	260.1609349	35.21952912
22.89624909	15.27453103	28.83965737	0.579158838	0.001446202	147.5499625	16.8741863
38.51954894	43.45394351	28.14318769	0.425379425	0.001087396	189.4785328	47.87615348
35.85003622	0.84527755	22.62107855	0.544179193	0.002500944	15.43825346	1.730828212
32.98348702	66.52085352	35.84606531	0.432015126	0.001776529	396.0499458	82.19899529
28.24265667	51.51858923	16.98946891	0.528742555	0.001671685	440.1983725	61.84916801
26.12423867	66.58618835	25.02262418	0.302629392	0.002755721	266.5453871	86.50445023
32.26573683	69.70157231	37.50009295	0.598508398	0.000893225	574.0947535	87.66212827
37.93200343	22.54524642	36.86683003	0.322517477	0.002283741	86.23936049	23.59618959
33.27226316	9.154665057	20.63029548	0.350881811	0.002273501	42.50528351	9.886431399
31.28810341	39.20890387	20.85703669	0.454258987	0.001172315	203.6634804	44.20674479
34.10633373	81.69144447	38.32637455	0.533718664	0.001725074	737.5262218	106.1663279
21.72007227	69.82131325	31.26188742	0.40763509	0.00027377	151.976794	95.44496959
23.37246389	31.2843515	22.00982582	0.388006832	0.000209153	51.46647861	35.7332725
34.64581643	43.39933249	17.94388961	0.345618717	0.001615853	159.7011247	48.77102622
28.67188827	8.54219071	32.71348034	0.571582139	0.002348543	104.6566923	9.426719039
22.25060766	2.455778781	29.40922686	0.381841503	0.002805332	18.13490818	3.414717053
22.46249982	81.05393761	18.19130175	0.40256584	0.000433223	220.4201068	116.4396173
24.07261247	30.27344231	19.12234345	0.314970056	0.00172803	99.4036112	34.34394981
34.38910526	61.12181079	33.04848078	0.361387496	0.001434702	233.5705085	73.29272066
25.16907608	64.81584795	15.69509683	0.457105615	8.51E-05	95.16814836	84.14208456
32.4045262	62.33618013	21.65176271	0.37118723	0.001044512	214.6294462	76.07632293
39.29690575	12.88083155	39.0391853	0.477608189	0.000528438	49.31166918	13.38963585
21.82721499	20.50197618	15.61427824	0.543903676	0.002393139	221.5335208	22.8850031
38.21500514	17.9256285	34.89374123	0.415928752	0.000968084	70.67929338	18.64543688
26.05186498	83.73851858	34.60537578	0.53486328	0.001609173	755.5972463	117.7113802
30.13647816	26.83818923	17.42971624	0.514501639	0.000538664	120.3099109	29.30345924
32.64593532	70.09943798	32.859292	0.599922995	0.001825847	829.4181176	88.05885465
31.00084455	31.22912745	16.16213775	0.30608964	0.000825765	66.42958618	34.37698792
35.49306284	74.12813418	16.55486974	0.49774927	0.001979533	613.8583421	92.63754507
28.23473236	41.38986302	34.73024104	0.459874059	0.002083183	296.0755623	47.78745285
25.19003924	26.64424162	34.38842827	0.587166441	0.002257047	326.8523933	29.73780848
38.10389054	79.63855188	39.68459658	0.508602183	0.001379098	574.0425758	99.6029335
23.48555726	68.1425213	38.62871215	0.440253736	0.000297273	177.074816	91.03764101
24.97074097	40.1027142	33.32213179	0.388979298	0.000725482	124.5391482	46.90299695
24.27729316	45.87856707	38.9476056	0.426226876	0.002744345	330.7173658	55.12674563
26.69622628	51.32245992	18.24462109	0.418856514	0.000499515	152.6370216	62.15441606
39.53671181	21.34720526	31.70694975	0.33103627	0.00248616	88.97080829	22.15923973
23.79792718	25.12917971	24.50229161	0.443461995	0.00163811	148.8535801	28.1093392
28.20087897	6.577967048	28.47587446	0.532837046	0.002988597	80.40411848	7.445145623
22.30874349	72.40564547	38.4324292	0.441849005	0.000280618	185.9658587	99.75774394
37.59497816	72.68976484	37.34873748	0.395720317	0.001355901	319.4504351	89.01994431
30.60145875	40.89569937	20.61828896	0.416162507	0.000364626	100.5522342	46.54275612
32.35711941	80.07603782	17.19084104	0.511898	0.002887599	861.7392999	104.8872749
25.59662939	24.66446482	20.38624898	0.569226846	6.37E-05	46.62211186	27.33346207
32.26222666	82.14122559	32.02067922	0.526531366	0.002335986	844.605607	108.5603385
30.72885708	52.6960406	25.81799832	0.340698995	0.002461045	237.6838648	62.60266085
25.66671218	83.65924	27.13203668	0.335218012	0.002612649	399.6957038	117.9864013
32.81214699	59.87959482	33.00912182	0.328617211	0.000299086	88.33171452	72.20190116
23.64568685	48.38506718	22.93337797	0.381744124	0.001229359	191.4175198	58.98066932
21.96599345	40.10855973	35.91138389	0.314982299	0.000816618	91.57669957	47.69897307
30.02307592	36.60645804	35.48768014	0.349588029	0.002410202	168.7858043	41.17702678
36.70225213	14.79509795	22.57788644	0.590788559	0.001322671	139.3417889	15.48445443
36.38511774	31.34679718	35.35114578	0.353289617	0.00273641	154.3978125	33.67291986
34.01072407	68.67591751	15.65451445	0.438240123	0.000586449	241.1620477	84.96340347
28.20137935	48.71010765	35.93384132	0.517009142	0.000828219	278.9165908	57.84181745
24.75992675	30.02890821	27.2319062	0.4475621	0.00047934	97.70187139	33.92663544
36.73115335	89.96006912	17.56691455	0.468453988	0.000451402	320.3339572	117.9299285
39.52739482	33.89964214	29.47217161	0.52663408	0.002614412	345.300101	36.14525935
27.86707816	11.29478043	18.79649486	0.590426709	0.001760129	126.2578291	12.30801266
37.13944605	5.656237436	37.98885751	0.417351839	0.001672088	32.12845864	6.316450325
35.00194565	86.92922751	33.17421157	0.495538937	0.000477617	356.335915	114.3650575
29.64125019	55.88205811	18.6442194	0.31556532	0.002566442	226.6314727	67.68144901
38.15967981	45.83860731	20.19414551	0.567902508	0.001885063	469.5227002	50.98172437
22.26886451	18.96412165	27.30167263	0.566494102	0.00108531	150.4988041	21.07132057
26.2289636	0.995298707	22.29884734	0.597635019	0.001564086	16.93392147	1.933971105
30.25489478	77.70558649	31.56524977	0.415145395	0.001235334	366.1923064	102.5483569
26.54614556	84.67895402	17.54444031	0.40297296	0.000274102	181.6752404	118.9937995
22.95960881	47.76820574	34.24719972	0.51245048	0.000757753	260.1331019	58.32091445
31.74985415	19.11572056	22.36475177	0.48445753	0.000413791	66.53950751	20.42031518
12.38721124	89.17792202	19.03238042	0.555009218	0.000592528	563.7180476	150.8052413
-0.241778041	89.81538787	21.41065194	0.582923766	0.00075786	769.2930642	190.3434429
5.684379432	94.11106935	39.26526098	0.595237534	0.001280938	1068.525059	183.2150744
18.59071435	97.57192331	20.10265047	0.57078307	0.000196481	371.8740125	159.1277167
-4.644685739	91.77464478	37.63209067	0.309423728	0.002713013	465.0494728	220.4494082
6.153726939	94.42254873	19.03321022	0.326048019	0.002837122	500.2047225	182.6536006
-3.126779986	91.46230232	26.78250697	0.408101543	0.001498049	556.0648085	210.6594881
18.99365014	98.15647751	38.43321902	0.33288687	0.001493295	368.3687453	159.7088994
-6.128018721	90.44022733	18.39372458	0.419828522	0.001046272	494.6371672	223.5223656
11.39647812	98.80314839	34.63100646	0.521359802	0.002705159	1201.497407	179.7558579
4.071236762	92.45166356	31.60449373	0.561965231	0.001139278	878.0017567	183.261572
11.72825376	97.95811748	33.27922114	0.397788852	0.000378048	263.4428457	176.4335933
8.897294934	89.38123419	19.39434712	0.571253397	0.002351744	1219.577029	159.3374526
-3.973106734	96.35008881	24.21212217	0.494493504	0.00119973	773.3206337	235.5032407
19.39358346	97.86192183	32.70547246	0.425231374	0.000762989	407.33835	158.1955448
7.639441534	92.20811955	25.33006363	0.54888532	0.001241541	850.7185775	171.1242044
9.629798109	96.51447121	21.1414594	0.596845406	0.000334541	553.4518694	178.2541132
20.31273895	89.12779901	37.05571922	0.413699592	0.000439321	262.3488341	136.4299118
-5.456470747	97.40807766	32.36916819	0.445618614	0.002829049	996.489548	248.7804339
13.26610878	89.89701328	32.00185578	0.485028009	0.002870597	947.3909914	150.8606709
7.396422383	96.87278626	15.77443369	0.422380547	0.001746865	640.2480733	186.2911135
11.14915574	93.51503401	31.16763392	0.487346702	0.00022635	284.1831439	165.4823463
21.20950749	94.58283312	16.40668372	0.482076765	0.000742601	487.2739269	147.2096437
19.78587226	97.2861885	33.44769735	0.541582906	0.001091818	777.6160867	156.0593607
-3.343115571	90.65116274	39.61278475	0.477254319	0.002472522	952.0445269	208.391326
18.51711235	96.37451907	32.56573556	0.381855432	9.54E-05	115.7341132	156.3883027
5.066188811	90.62417548	33.62347673	0.439367085	0.00017692	204.6384114	173.7983269
-7.539882105	98.80659287	29.48565746	0.429730951	0.000548521	425.2902369	267.7080123
14.02710409	90.60537803	38.72330848	0.407770082	0.001964891	566.5755456	151.1283215
6.885977932	90.82675495	17.37254206	0.573461562	0.002208581	1228.701651	169.0441817
4.861306411	90.09139978	37.87688904	0.404084697	0.001960851	580.3941162	172.7772372
-0.795551404	98.73949731	27.24841705	0.461411602	0.001380225	728.5269526	227.0322168
18.45894892	98.85186561	23.32876032	0.361735109	0.001663676	455.1707909	162.5031819
-0.590942743	98.55675858	36.45848811	0.449409947	0.000924146	564.4887547	225.3007237
1.923752431	94.69129712	15.65675466	0.349028702	0.002246844	517.3077594	199.3639454
3.357584159	93.47234739	20.36948382	0.456673348	0.000607417	429.3363199	189.3509222
3.242048388	94.05314034	27.11783585	0.514383812	0.002075988	1012.41833	191.8053945
6.194639849	95.61605662	37.46905576	0.38918309	0.000591358	317.490583	186.343282
9.82901078	90.48510717	33.08226133	0.477759049	0.00113703	593.4454685	160.2097774
10.66659588	90.94218745	36.74049729	0.553216515	0.001895575	1034.058867	159.4685129
9.233687975	95.10545783	25.17433085	0.570473361	0.002351671	1308.27864	175.2445559
20.01260563	97.42226739	17.37074289	0.533906864	0.000289321	388.6174346	155.9384037
8.268595631	93.10596963	15.73592413	0.365597944	0.002791689	589.602688	172.0417271
17.86163507	95.32848744	27.85175363	0.490029967	0.002338352	914.8911672	155.1756459
15.72736437	93.36582424	27.51675697	0.513800382	0.001486035	790.442772	154.6562975
15.30195703	96.38344281	34.68495021	0.300980258	0.001335783	291.4747649	163.261377
2.280037767	96.67118504	35.4097437	0.481073372	0.001368012	748.9604539	204.9180648
7.113833167	90.48591974	33.25667929	0.582649612	0.000953731	831.0264013	167.3457039
-1.646795926	89.15279123	34.27532164	0.32613091	0.001550101	362.3949649	193.8800621
-7.651460235	98.10493839	23.31474647	0.367667421	0.001556776	534.1790543	265.8358821
4.801834967	90.88137747	29.6934064	0.576485551	0.002462002	1329.316018	175.558879
1.26533982	92.82546488	35.1391349	0.360235794	0.002394753	553.4265863	195.3358362
20.12899646	89.47301596	19.05807682	0.391040087	0.001950738	501.3989602	137.4871047
20.7229586	91.6538351	29.89357547	0.503787496	0.001166898	644.283271	141.4282587
3.077265926	96.69342215	38.68013471	0.364543717	0.002444162	593.6925425	201.6409075
11.0583673	91.20915545	25.89651117	0.437341411	0.001621835	599.9562524	159.2785396
-2.322108637	98.37389262	21.53020397	0.455106412	0.001084645	633.538924	233.8775549
17.5765554	95.46919784	38.35289378	0.427881841	0.002820055	776.3287812	156.0911873
2.804050116	92.33657116	19.45947858	0.447159794	0.002634031	849.050479	187.4740769
18.56017608	89.06570603	39.81145467	0.35626565	0.001672961	393.2435921	139.0786616];

     x=a(:,1:6);
     y=a(:,7);
     net = feedforwardnet(10);
     net = train(net,x',y');
     y2 = net(x');
    
